01,03,14,26,29,33+09=2018101
02,11,14,15,29,33+02=2018100
03,07,08,14,25,32+06=2018099
06,10,11,20,29,32+13=2018098
01,02,17,20,25,28+13=2018097
01,05,09,20,28,32+12=2018096
10,11,12,21,26,33+09=2018095
04,07,16,20,24,30+05=2018094
04,18,20,21,29,33+07=2018093
06,10,16,19,24,33+16=2018092
06,11,13,17,25,32+07=2018091
01,02,04,10,14,23+07=2018090
06,09,12,14,18,27+14=2018089
03,05,12,29,30,32+14=2018088
01,05,10,16,18,31+03=2018087
02,07,17,21,23,26+16=2018086
04,10,25,26,30,33+06=2018085
05,06,08,12,22,24+03=2018084
04,09,18,21,32,33+03=2018083
06,12,14,20,22,24+09=2018082
01,02,12,16,20,26+03=2018081
04,07,13,20,29,33+03=2018080
14,15,17,22,24,29+13=2018079
03,10,14,17,18,30+12=2018078
02,05,09,15,20,24+10=2018077
03,07,08,15,29,30+13=2018076
07,09,12,13,22,24+11=2018075
09,11,14,20,27,30+09=2018074
02,09,14,15,16,23+10=2018073
11,16,19,22,25,30+08=2018072
02,05,06,13,16,19+03=2018071
04,09,15,16,19,27+10=2018070
06,13,17,19,23,31+12=2018069
08,10,17,20,27,30+01=2018068
01,04,09,12,15,18+05=2018067
09,16,17,19,22,26+10=2018066
01,04,06,14,28,33+01=2018065
02,05,10,11,17,21+05=2018064
05,06,10,16,20,25+12=2018063
02,18,19,24,25,33+11=2018062
09,10,11,12,18,23+07=2018061
04,08,13,25,30,31+10=2018060
04,06,08,13,22,32+11=2018059
07,12,13,16,26,31+07=2018058
05,15,17,19,20,30+13=2018057
01,03,06,20,21,26+01=2018056
07,09,10,12,22,26+07=2018055
04,06,18,22,25,33+16=2018054
01,04,10,11,14,27+06=2018053
03,05,06,09,15,32+14=2018052
05,07,20,23,27,31+04=2018051
01,02,04,10,18,19+07=2018050
01,03,04,11,19,23+02=2018049
01,12,20,25,30,31+02=2018048
06,07,12,16,22,25+07=2018047
10,13,14,18,20,31+03=2018046
03,04,06,25,26,30+01=2018045
05,09,12,17,27,30+06=2018044
01,04,06,08,21,24+07=2018043
06,10,21,28,29,31+12=2018042
07,08,20,23,24,32+13=2018041
01,03,08,13,18,23+16=2018040
08,12,18,19,23,32+03=2018039
15,23,24,25,28,29+09=2018038
01,06,07,08,27,30+10=2018037
08,17,24,26,28,33+04=2018036
07,10,11,17,23,28+15=2018035
01,05,11,22,23,26+15=2018034
04,19,20,22,28,33+06=2018033
21,22,23,24,25,32+06=2018032
02,16,18,19,27,30+14=2018031
13,14,20,21,25,33+07=2018030
01,02,09,14,22,25+05=2018029
03,08,11,14,18,23+16=2018028
02,07,09,14,18,28+05=2018027
04,07,12,14,26,32+04=2018026
04,13,16,19,21,25+14=2018025
11,19,22,26,31,32+02=2018024
12,15,16,21,26,29+16=2018023
07,14,19,21,22,23+03=2018022
03,04,06,11,23,28+14=2018021
06,09,10,14,28,30+05=2018020
03,11,12,16,21,23+09=2018019
02,12,13,18,25,27+07=2018018
03,06,11,26,30,32+12=2018017
01,11,12,18,25,27+16=2018016
11,15,20,21,26,33+15=2018015
09,12,20,24,28,31+07=2018014
06,08,13,15,22,33+06=2018013
11,12,13,19,26,28+12=2018012
03,10,21,23,27,33+11=2018011
01,08,17,20,21,22+03=2018010
05,10,17,23,26,32+07=2018009
05,09,10,12,17,19+13=2018008
13,14,20,25,27,31+12=2018007
02,07,08,09,17,29+11=2018006
02,20,21,28,31,33+06=2018005
14,18,19,26,30,31+11=2018004
01,14,16,17,20,31+04=2018003
07,18,24,29,31,33+16=2018002
01,08,11,26,28,31+04=2018001
05,09,13,15,18,26+05=2017154
07,11,12,13,18,19+16=2017153
06,10,23,25,26,29+05=2017152
02,05,07,09,11,27+16=2017151
06,14,19,20,21,23+08=2017150
05,08,15,20,27,30+13=2017149
04,07,11,14,29,32+12=2017148
03,07,20,21,25,31+14=2017147
01,19,25,26,27,33+10=2017146
02,06,12,17,25,28+12=2017145
03,14,16,20,31,32+09=2017144
04,06,09,14,20,29+14=2017143
08,13,14,18,23,33+06=2017142
01,06,07,11,13,15+05=2017141
21,22,25,28,29,30+08=2017140
02,14,20,24,28,32+16=2017139
01,17,24,28,32,33+02=2017138
05,10,20,23,26,31+03=2017137
03,07,10,18,21,24+12=2017136
01,06,07,14,18,26+16=2017135
04,05,11,14,28,32+04=2017134
06,15,17,18,23,30+11=2017133
02,03,05,09,13,28+11=2017132
01,07,10,11,26,27+11=2017131
05,13,14,23,25,31+02=2017130
05,06,09,14,21,33+02=2017129
02,06,13,22,29,31+08=2017128
14,15,21,24,27,32+12=2017127
01,16,17,21,27,30+16=2017126
01,14,23,25,29,30+03=2017125
02,06,11,26,28,29+03=2017124
04,05,06,11,21,31+10=2017123
11,20,21,22,24,27+15=2017122
11,18,19,22,24,32+07=2017121
08,10,15,19,23,28+16=2017120
09,16,21,25,26,31+14=2017119
08,09,15,22,30,33+16=2017118
01,02,08,11,14,21+09=2017117
02,14,20,22,30,32+02=2017116
04,10,11,25,30,31+01=2017115
06,12,13,15,18,26+13=2017114
04,06,16,27,29,33+05=2017113
03,10,14,16,22,23+11=2017112
05,10,17,19,29,32+12=2017111
01,03,12,15,19,23+14=2017110
08,14,16,18,21,23+16=2017109
07,12,14,15,17,20+01=2017108
08,09,15,17,30,32+06=2017107
12,15,20,25,27,31+02=2017106
03,06,07,12,25,26+07=2017105
01,14,15,20,23,30+14=2017104
01,21,23,25,31,33+01=2017103
04,08,10,14,18,20+11=2017102
01,04,11,28,31,32+16=2017101
04,07,08,18,23,24+02=2017100
02,05,06,16,28,29+04=2017099
04,19,22,27,30,33+01=2017098
05,10,18,19,30,31+03=2017097
02,06,11,12,19,29+06=2017096
09,10,12,19,22,29+16=2017095
08,11,13,19,28,31+06=2017094
07,08,09,15,22,27+12=2017093
10,18,19,29,32,33+09=2017092
05,07,10,23,28,29+03=2017091
01,07,10,16,22,33+09=2017090
11,12,13,16,23,25+12=2017089
07,09,18,22,23,29+06=2017088
03,06,13,14,19,28+06=2017087
03,05,06,13,20,22+07=2017086
01,05,06,16,25,30+09=2017085
01,05,11,20,22,24+02=2017084
03,08,14,20,24,26+12=2017083
14,18,21,25,28,29+10=2017082
03,05,14,25,26,30+05=2017081
01,12,16,20,22,24+08=2017080
03,07,14,23,25,27+08=2017079
05,07,18,19,22,24+16=2017078
01,02,04,15,17,22+14=2017077
01,04,08,09,14,15+13=2017076
01,03,06,19,21,29+07=2017075
02,06,16,23,30,31+02=2017074
03,06,16,23,26,30+14=2017073
06,11,14,23,26,30+02=2017072
02,03,06,14,31,32+03=2017071
01,06,14,22,25,26+12=2017070
02,11,12,23,29,31+05=2017069
02,06,10,22,30,31+15=2017068
01,03,04,10,18,29+04=2017067
01,04,06,17,19,26+03=2017066
02,05,08,10,12,21+07=2017065
02,10,16,22,24,28+15=2017064
12,16,20,22,25,31+04=2017063
01,07,22,24,26,31+10=2017062
06,07,12,20,26,27+11=2017061
05,10,13,24,26,31+04=2017060
04,08,09,15,19,25+09=2017059
01,09,13,22,28,32+11=2017058
18,20,22,23,30,31+16=2017057
13,14,18,19,21,28+06=2017056
07,12,13,20,24,31+05=2017055
02,03,09,23,28,33+08=2017054
04,09,11,15,29,31+06=2017053
07,08,18,24,29,31+07=2017052
02,05,09,15,24,25+11=2017051
10,12,20,24,27,29+07=2017050
01,08,14,15,20,29+10=2017049
05,08,09,14,15,19+07=2017048
02,05,08,10,32,33+02=2017047
04,13,14,23,26,32+10=2017046
05,07,16,20,21,25+05=2017045
08,16,19,21,31,32+06=2017044
08,13,16,23,27,31+08=2017043
01,02,04,07,10,23+04=2017042
04,10,13,15,22,27+04=2017041
15,19,23,28,29,33+04=2017040
02,04,12,14,17,24+15=2017039
01,04,08,13,24,27+05=2017038
11,15,20,22,25,30+05=2017037
01,02,05,10,24,27+15=2017036
01,06,14,24,28,32+12=2017035
04,07,08,19,32,33+13=2017034
05,07,15,20,23,30+15=2017033
05,08,15,24,27,31+11=2017032
06,10,16,26,27,29+03=2017031
01,07,09,20,23,30+02=2017030
02,15,21,23,25,30+10=2017029
07,08,12,13,22,30+09=2017028
02,04,11,14,27,30+05=2017027
03,10,12,19,27,30+08=2017026
02,15,16,17,22,32+07=2017025
09,21,25,26,29,31+13=2017024
01,03,04,11,18,22+14=2017023
02,06,15,16,18,32+15=2017022
02,05,10,22,32,33+09=2017021
04,08,10,12,31,33+10=2017020
04,06,08,12,23,25+08=2017019
01,02,03,17,25,31+09=2017018
03,07,08,10,22,23+12=2017017
05,08,16,22,27,29+02=2017016
01,08,09,14,17,32+01=2017015
06,08,18,20,23,31+13=2017014
08,11,28,29,31,33+06=2017013
10,11,14,15,16,24+07=2017012
10,11,12,23,26,29+16=2017011
05,08,19,25,28,30+07=2017010
02,06,08,09,15,29+14=2017009
07,13,15,27,28,29+13=2017008
02,04,05,24,26,33+15=2017007
02,04,08,26,29,33+08=2017006
06,11,12,22,23,30+05=2017005
05,13,17,26,27,30+07=2017004
01,04,08,15,27,32+16=2017003
15,19,23,24,25,32+03=2017002
09,11,14,20,25,26+15=2017001
07,09,16,24,25,29+06=2016153
02,08,09,16,20,22+07=2016152
06,11,16,20,22,33+07=2016151
02,04,05,09,13,21+05=2016150
03,20,23,26,32,33+07=2016149
01,02,11,20,26,30+14=2016148
04,14,18,28,31,32+12=2016147
03,07,15,16,17,23+10=2016146
01,03,07,12,19,20+06=2016145
04,10,12,27,32,33+05=2016144
06,09,23,24,25,33+13=2016143
01,10,17,21,23,30+12=2016142
04,13,15,17,21,24+15=2016141
01,02,05,17,26,32+10=2016140
01,06,19,26,28,30+03=2016139
07,16,20,24,25,30+07=2016138
01,06,09,10,15,32+14=2016137
02,07,10,20,27,29+03=2016136
02,08,10,18,20,33+12=2016135
11,12,13,14,18,33+13=2016134
15,16,21,22,27,33+15=2016133
05,08,13,19,27,28+07=2016132
04,10,18,19,25,27+02=2016131
03,17,21,23,27,28+01=2016130
05,06,08,21,31,33+14=2016129
04,09,11,17,26,27+13=2016128
07,12,17,26,29,31+16=2016127
02,06,12,17,18,19+10=2016126
01,06,08,20,27,30+03=2016125
09,15,21,24,27,32+10=2016124
07,09,12,14,20,27+16=2016123
15,22,23,24,28,29+08=2016122
02,03,10,23,25,28+09=2016121
02,05,06,21,25,28+09=2016120
09,19,21,30,31,32+04=2016119
09,14,22,23,31,33+14=2016118
03,10,14,17,28,33+02=2016117
07,18,20,23,27,31+13=2016116
06,08,20,22,26,27+09=2016115
05,16,20,22,27,29+09=2016114
01,11,16,17,20,26+14=2016113
06,12,14,15,18,25+12=2016112
02,04,07,14,15,32+04=2016111
05,07,28,31,32,33+08=2016110
09,11,15,16,27,33+05=2016109
02,03,07,08,19,26+16=2016108
06,11,18,26,27,32+01=2016107
04,05,13,22,25,30+04=2016106
08,10,19,27,28,31+16=2016105
05,09,11,18,30,31+04=2016104
01,05,13,19,24,27+11=2016103
05,08,10,14,17,30+13=2016102
01,03,19,24,32,33+01=2016101
03,10,22,23,27,29+04=2016100
01,11,21,23,27,33+06=2016099
02,08,25,29,31,32+06=2016098
06,13,25,26,28,31+01=2016097
06,13,14,21,22,24+16=2016096
01,05,09,12,18,32+12=2016095
06,07,10,12,18,31+10=2016094
06,09,15,17,25,27+09=2016093
02,13,15,23,24,29+06=2016092
04,08,14,22,23,28+07=2016091
02,13,17,20,21,26+07=2016090
01,03,14,30,31,32+08=2016089
03,14,16,18,25,33+15=2016088
02,03,10,11,14,21+12=2016087
09,10,11,12,15,32+05=2016086
01,12,19,20,21,25+16=2016085
02,04,12,18,24,26+05=2016084
09,16,17,24,30,31+04=2016083
06,12,14,15,17,20+09=2016082
02,06,15,25,30,32+07=2016081
01,16,17,24,25,32+14=2016080
01,03,10,12,24,28+02=2016079
02,04,08,23,26,29+02=2016078
01,09,17,19,20,29+10=2016077
07,08,13,22,30,32+01=2016076
01,03,06,16,29,32+07=2016075
06,10,11,12,20,25+12=2016074
09,11,12,15,16,20+13=2016073
05,16,19,22,24,25+02=2016072
19,21,26,28,29,32+01=2016071
03,06,11,18,23,29+01=2016070
08,10,11,20,21,27+11=2016069
08,19,23,28,31,32+01=2016068
09,13,18,20,27,31+04=2016067
03,07,13,18,19,20+05=2016066
13,16,22,25,26,27+14=2016065
03,12,14,17,19,26+03=2016064
16,17,18,23,28,32+07=2016063
12,13,15,18,19,21+09=2016062
05,06,08,18,20,32+08=2016061
04,05,22,26,29,32+08=2016060
04,11,12,20,25,28+15=2016059
03,05,18,20,24,32+11=2016058
07,12,19,22,23,26+11=2016057
03,04,08,11,16,18+14=2016056
05,06,10,16,22,26+11=2016055
06,11,16,19,28,32+04=2016054
02,08,10,12,29,31+01=2016053
01,06,13,19,24,28+16=2016052
01,02,04,09,15,33+12=2016051
09,12,24,28,29,30+02=2016050
06,08,13,14,22,27+10=2016049
03,08,13,14,15,30+04=2016048
02,05,08,15,17,22+16=2016047
07,20,25,26,27,30+14=2016046
04,09,12,17,30,32+03=2016045
01,03,10,12,18,30+01=2016044
05,14,20,26,30,33+12=2016043
07,14,17,23,26,31+09=2016042
12,17,18,21,22,24+04=2016041
03,13,19,20,23,26+03=2016040
01,03,07,18,19,27+16=2016039
03,12,13,22,28,29+03=2016038
06,15,26,31,32,33+16=2016037
03,04,07,09,20,22+03=2016036
04,13,19,20,26,29+11=2016035
03,15,21,22,23,28+15=2016034
06,17,18,20,27,29+15=2016033
08,12,14,15,21,27+15=2016032
03,08,10,19,26,33+03=2016031
10,14,19,22,25,29+12=2016030
12,15,18,20,21,27+15=2016029
06,08,12,21,25,29+01=2016028
11,13,15,17,19,31+05=2016027
04,09,12,28,30,33+01=2016026
04,11,12,17,24,30+12=2016025
02,05,07,14,18,31+13=2016024
03,06,10,19,25,29+07=2016023
04,09,19,22,23,30+07=2016022
09,11,13,22,24,26+05=2016021
01,02,10,12,22,24+10=2016020
06,13,16,17,23,30+10=2016019
12,13,14,17,21,25+04=2016018
05,06,08,20,22,30+05=2016017
01,20,22,24,25,26+16=2016016
01,02,14,22,25,26+07=2016015
02,08,10,18,20,27+07=2016014
07,12,21,22,26,31+01=2016013
07,12,14,16,27,32+15=2016012
03,08,10,15,22,29+12=2016011
02,04,12,14,19,25+06=2016010
10,14,24,25,27,32+04=2016009
02,15,24,29,32,33+02=2016008
05,12,14,20,27,29+06=2016007
13,16,18,20,28,31+12=2016006
11,14,18,20,31,33+14=2016005
08,10,17,22,25,33+12=2016004
01,10,14,23,26,28+01=2016003
09,14,17,20,24,30+16=2016002
06,13,16,18,20,22+13=2016001
07,09,11,15,18,25+07=2015154
08,11,15,22,27,29+03=2015153
11,18,19,21,29,32+12=2015152
05,06,08,23,31,32+11=2015151
01,03,08,11,29,31+13=2015150
09,10,20,21,22,33+09=2015149
09,13,14,22,26,27+07=2015148
08,09,16,23,24,30+05=2015147
16,17,21,28,30,32+15=2015146
07,08,15,19,20,24+13=2015145
01,04,07,15,28,32+16=2015144
13,15,19,20,21,32+04=2015143
13,17,19,20,22,25+11=2015142
03,08,19,25,27,28+02=2015141
06,20,28,29,30,31+12=2015140
01,10,13,18,25,27+09=2015139
01,02,08,16,19,24+11=2015138
14,22,23,27,28,31+12=2015137
02,05,12,23,28,29+01=2015136
01,12,14,18,26,32+07=2015135
02,05,14,19,27,31+04=2015134
02,03,13,20,22,24+15=2015133
03,05,11,28,30,33+01=2015132
10,12,13,19,22,26+03=2015131
06,14,15,16,17,22+10=2015130
05,08,11,16,18,27+04=2015129
01,03,08,11,22,28+06=2015128
07,10,19,22,27,33+06=2015127
10,11,15,20,23,29+12=2015126
05,13,22,27,30,33+10=2015125
02,03,05,12,18,27+01=2015124
05,08,09,12,22,28+07=2015123
05,07,11,16,22,25+07=2015122
01,03,20,21,28,29+12=2015121
16,21,24,26,27,29+16=2015120
02,08,10,18,23,31+08=2015119
01,04,11,21,23,31+12=2015118
04,11,12,18,26,32+12=2015117
04,06,15,23,26,28+11=2015116
01,07,08,14,24,32+03=2015115
04,07,09,13,21,26+01=2015114
01,05,07,08,19,27+12=2015113
01,03,10,19,20,27+11=2015112
08,14,16,18,20,30+12=2015111
05,07,16,17,22,23+04=2015110
01,08,09,16,32,33+13=2015109
02,12,19,22,24,27+15=2015108
07,14,16,18,21,25+08=2015107
01,03,04,23,31,32+13=2015106
09,10,16,19,20,26+12=2015105
09,18,21,23,25,26+01=2015104
06,08,13,26,30,32+14=2015103
07,09,12,14,21,23+06=2015102
08,16,22,24,28,29+05=2015101
02,03,11,17,19,21+08=2015100
06,07,10,11,14,22+09=2015099
06,09,13,26,27,33+01=2015098
09,12,14,20,26,27+04=2015097
06,16,17,23,24,31+07=2015096
04,15,21,28,30,31+04=2015095
01,04,06,13,16,17+10=2015094
01,03,13,21,25,31+08=2015093
09,15,19,21,26,27+01=2015092
05,07,17,19,22,31+11=2015091
10,12,14,22,25,33+15=2015090
12,14,19,27,28,29+01=2015089
02,12,20,24,29,31+09=2015088
09,15,16,19,20,28+11=2015087
05,06,08,16,18,22+12=2015086
02,08,25,27,28,29+05=2015085
15,18,20,22,28,29+15=2015084
06,07,16,18,29,32+05=2015083
02,08,09,14,28,30+07=2015082
13,20,22,26,28,31+13=2015081
14,17,25,27,28,30+02=2015080
09,14,15,20,26,32+11=2015079
03,07,20,22,26,29+02=2015078
01,06,08,10,13,27+16=2015077
01,09,10,19,23,27+09=2015076
06,11,13,19,21,32+04=2015075
04,07,21,25,26,29+08=2015074
01,02,17,22,26,27+04=2015073
01,03,05,20,21,31+05=2015072
08,18,20,28,29,31+08=2015071
01,07,13,19,21,29+15=2015070
01,13,17,18,23,30+15=2015069
06,15,18,21,26,27+10=2015068
02,05,08,24,25,31+14=2015067
05,08,11,17,24,28+16=2015066
08,10,14,19,26,29+12=2015065
11,12,14,17,23,27+01=2015064
01,07,09,16,22,32+12=2015063
09,14,15,18,21,26+16=2015062
06,18,22,26,32,33+04=2015061
01,03,18,27,31,32+13=2015060
02,06,09,16,25,32+14=2015059
02,09,10,18,19,20+15=2015058
09,20,24,25,26,32+04=2015057
01,07,08,16,18,20+14=2015056
01,10,15,18,19,28+02=2015055
01,02,07,10,22,26+07=2015054
03,07,17,22,32,33+10=2015053
02,04,11,16,25,26+12=2015052
04,10,24,26,28,32+09=2015051
03,09,12,16,17,31+04=2015050
07,12,14,17,20,23+05=2015049
13,16,17,22,25,27+10=2015048
02,03,20,24,26,27+09=2015047
05,07,10,14,23,31+01=2015046
01,05,13,22,30,31+07=2015045
02,03,04,13,14,16+02=2015044
11,12,15,24,26,27+15=2015043
09,10,19,21,23,32+08=2015042
04,09,11,17,21,25+06=2015041
13,16,18,27,30,32+16=2015040
01,13,15,26,29,30+12=2015039
05,06,11,12,14,33+14=2015038
05,07,12,18,28,31+03=2015037
04,06,16,17,26,33+03=2015036
01,08,09,22,24,33+03=2015035
12,13,17,18,20,27+13=2015034
03,06,21,29,31,32+05=2015033
11,14,16,18,29,32+16=2015032
01,05,07,22,26,32+11=2015031
08,11,14,15,16,26+07=2015030
07,14,15,19,21,28+07=2015029
04,07,10,26,27,28+14=2015028
05,07,09,16,26,29+07=2015027
02,13,17,21,22,33+13=2015026
10,11,12,15,27,32+14=2015025
09,11,16,18,23,24+10=2015024
08,09,10,13,29,30+01=2015023
04,07,10,16,23,25+10=2015022
14,15,16,17,27,28+08=2015021
01,04,07,19,22,23+04=2015020
02,06,11,19,25,26+04=2015019
06,09,12,14,28,29+09=2015018
13,18,20,25,27,33+12=2015017
02,06,10,15,17,31+13=2015016
01,07,20,24,25,33+04=2015015
02,12,16,19,27,30+11=2015014
08,09,24,25,26,29+01=2015013
03,05,22,23,29,31+06=2015012
04,14,15,17,18,20+15=2015011
01,02,03,08,21,31+09=2015010
04,07,14,17,21,25+14=2015009
04,07,10,16,20,22+03=2015008
01,07,09,17,20,33+08=2015007
01,10,11,29,31,33+13=2015006
07,10,16,17,18,32+15=2015005
02,14,15,16,23,24+10=2015004
10,15,20,23,24,31+15=2015003
07,15,16,25,28,32+05=2015002
01,07,09,16,20,23+06=2015001
08,13,15,20,21,25+12=2014152
04,05,08,11,21,27+08=2014151
03,08,14,22,24,32+09=2014150
07,09,10,15,19,33+01=2014149
01,02,05,12,15,16+13=2014148
06,07,22,26,31,32+10=2014147
01,06,13,20,29,32+01=2014146
10,12,13,23,26,29+11=2014145
03,05,06,09,10,27+14=2014144
03,12,18,20,25,26+16=2014143
06,21,22,23,25,28+13=2014142
08,09,11,16,21,24+10=2014141
06,10,11,14,17,33+06=2014140
01,14,15,20,25,29+11=2014139
04,06,13,29,31,33+13=2014138
03,06,09,11,25,29+09=2014137
03,16,19,27,31,32+10=2014136
02,04,11,13,25,33+01=2014135
05,16,22,23,26,28+02=2014134
13,14,16,23,30,31+13=2014133
05,06,14,15,18,33+08=2014132
05,17,21,22,28,32+14=2014131
01,02,10,24,30,33+10=2014130
05,08,09,20,28,32+02=2014129
05,07,08,17,18,24+14=2014128
02,10,12,21,23,27+12=2014127
06,11,16,17,22,27+01=2014126
10,11,15,26,31,32+06=2014125
02,17,20,24,31,33+04=2014124
01,06,11,17,28,33+05=2014123
06,09,11,16,20,29+11=2014122
01,02,13,22,28,30+09=2014121
01,07,12,16,23,28+04=2014120
06,13,17,20,26,29+09=2014119
05,07,15,18,26,30+03=2014118
05,10,17,25,28,29+04=2014117
09,10,14,15,19,29+16=2014116
01,09,10,11,13,32+03=2014115
02,07,23,30,32,33+10=2014114
12,14,28,31,32,33+07=2014113
01,15,16,21,24,30+03=2014112
02,08,17,20,22,28+02=2014111
01,08,11,13,19,30+06=2014110
02,05,11,15,19,28+02=2014109
03,08,09,20,23,28+02=2014108
11,14,17,22,25,27+16=2014107
09,14,17,18,21,25+15=2014106
14,16,17,19,27,32+04=2014105
02,06,12,19,27,28+13=2014104
03,08,09,10,18,33+04=2014103
14,16,21,24,28,31+13=2014102
16,18,20,23,24,32+07=2014101
01,06,09,10,14,16+11=2014100
01,05,10,11,13,32+14=2014099
02,13,17,20,29,31+07=2014098
07,13,24,25,27,32+15=2014097
12,14,17,19,22,24+08=2014096
05,06,08,14,22,31+08=2014095
01,10,18,20,23,29+01=2014094
02,08,09,10,20,29+05=2014093
03,13,18,19,22,26+07=2014092
01,05,12,19,27,29+14=2014091
05,09,11,19,24,32+13=2014090
04,06,14,17,27,30+09=2014089
03,06,11,14,16,29+15=2014088
06,18,22,23,32,33+06=2014087
02,04,10,12,14,30+08=2014086
01,02,11,19,23,29+08=2014085
01,06,09,10,13,25+08=2014084
05,06,19,21,23,33+12=2014083
02,04,20,25,26,29+11=2014082
08,14,22,24,27,29+10=2014081
05,14,16,17,25,30+07=2014080
02,07,16,22,27,28+02=2014079
02,03,05,06,09,17+07=2014078
08,09,12,15,19,22+10=2014077
06,10,12,17,18,33+11=2014076
03,09,11,22,27,29+06=2014075
01,03,06,13,30,31+12=2014074
01,12,16,20,30,33+02=2014073
01,03,07,13,19,32+16=2014072
02,04,12,17,22,25+14=2014071
01,07,09,19,28,29+07=2014070
05,12,17,19,25,30+11=2014069
04,12,13,22,27,29+16=2014068
01,06,07,17,18,23+06=2014067
02,05,15,17,18,21+16=2014066
03,04,05,08,10,22+06=2014065
02,09,15,16,29,32+14=2014064
03,08,17,21,22,31+16=2014063
06,09,15,24,25,26+09=2014062
02,14,17,27,28,31+08=2014061
03,05,14,18,25,33+06=2014060
05,08,12,13,23,25+13=2014059
02,03,12,13,14,25+11=2014058
02,04,12,18,23,31+08=2014057
01,11,18,20,28,29+01=2014056
02,09,14,19,21,30+04=2014055
01,04,05,11,29,30+14=2014054
14,17,19,22,26,31+02=2014053
09,13,15,28,30,33+08=2014052
10,16,19,21,23,24+13=2014051
03,17,23,25,26,32+13=2014050
06,07,16,17,23,32+06=2014049
06,09,16,17,24,25+16=2014048
08,10,11,12,19,29+15=2014047
02,10,11,17,18,22+10=2014046
02,04,09,11,19,22+15=2014045
04,09,21,27,28,33+12=2014044
02,05,09,14,24,33+09=2014043
12,15,20,25,28,33+14=2014042
07,11,16,18,21,22+02=2014041
03,04,06,11,12,15+08=2014040
03,11,15,19,20,31+07=2014039
04,07,22,23,24,33+16=2014038
06,13,14,24,25,30+07=2014037
01,07,08,09,11,22+03=2014036
07,08,09,17,32,33+06=2014035
01,03,04,08,25,31+06=2014034
05,13,23,28,32,33+12=2014033
01,02,14,22,29,33+07=2014032
04,10,16,17,21,27+14=2014031
12,18,19,23,24,30+10=2014030
02,07,14,16,21,29+14=2014029
06,16,21,27,30,32+05=2014028
08,10,14,16,30,31+01=2014027
01,02,05,06,11,23+14=2014026
01,05,10,14,16,30+16=2014025
08,10,16,20,23,30+09=2014024
07,09,13,17,21,22+10=2014023
04,06,07,10,21,26+16=2014022
08,10,15,17,22,29+12=2014021
09,14,17,23,24,25+15=2014020
02,10,15,19,20,21+07=2014019
13,17,18,21,30,33+15=2014018
04,06,07,14,25,26+10=2014017
02,03,07,13,21,24+08=2014016
02,11,19,30,32,33+09=2014015
04,09,19,22,25,29+15=2014014
05,09,13,15,17,21+13=2014013
01,08,11,19,21,24+08=2014012
09,10,13,14,21,32+02=2014011
05,07,08,20,31,33+11=2014010
08,09,19,20,25,32+16=2014009
05,14,16,21,29,30+12=2014008
08,10,12,14,18,28+14=2014007
03,04,07,17,21,27+14=2014006
15,18,23,27,32,33+04=2014005
01,04,19,22,24,25+15=2014004
06,10,11,28,30,33+12=2014003
04,21,23,31,32,33+04=2014002
03,09,15,20,27,29+01=2014001
07,11,14,19,24,29+05=2013154
08,11,13,18,28,33+10=2013153
04,06,14,16,18,29+05=2013152
03,09,10,19,28,33+09=2013151
01,15,16,25,26,29+10=2013150
09,18,25,26,30,32+11=2013149
06,11,12,14,17,22+01=2013148
02,15,16,17,19,30+08=2013147
08,20,25,30,32,33+01=2013146
06,10,13,16,23,24+15=2013145
05,07,12,19,27,31+02=2013144
12,18,21,22,27,32+11=2013143
11,12,14,20,22,29+14=2013142
03,04,05,25,30,31+04=2013141
01,05,12,13,21,22+10=2013140
07,08,11,13,21,27+08=2013139
04,15,16,24,27,28+03=2013138
04,17,19,23,24,27+10=2013137
04,06,14,16,18,26+06=2013136
09,23,24,25,29,31+12=2013135
01,17,18,19,25,29+10=2013134
04,07,12,19,22,25+01=2013133
20,21,22,23,25,27+12=2013132
04,06,12,17,19,26+09=2013131
01,03,15,16,31,33+08=2013130
05,06,10,14,27,31+14=2013129
07,13,17,19,25,31+08=2013128
02,03,13,20,22,33+14=2013127
04,10,19,27,31,33+16=2013126
04,06,08,18,25,28+16=2013125
03,09,15,23,25,30+07=2013124
01,02,06,11,17,25+02=2013123
07,10,13,15,26,27+11=2013122
04,05,06,07,25,27+07=2013121
05,06,13,18,23,31+11=2013120
05,15,20,22,26,32+09=2013119
02,03,17,22,32,33+16=2013118
09,12,13,24,27,33+16=2013117
12,15,21,26,32,33+07=2013116
03,12,16,17,18,27+08=2013115
04,06,17,21,23,33+07=2013114
04,07,11,17,24,33+09=2013113
01,06,12,13,22,31+07=2013112
01,02,03,06,08,33+13=2013111
15,17,18,21,29,32+13=2013110
09,23,24,27,29,32+08=2013109
16,21,22,28,31,32+05=2013108
07,09,11,17,28,31+11=2013107
09,11,23,30,31,32+06=2013106
01,11,23,27,31,32+09=2013105
01,02,04,15,17,28+11=2013104
02,04,09,13,18,20+07=2013103
02,04,05,06,08,16+03=2013102
05,07,09,23,27,32+01=2013101
04,08,11,14,16,20+11=2013100
05,11,20,21,26,31+03=2013099
07,15,18,19,20,26+14=2013098
05,14,17,22,23,25+07=2013097
01,02,22,28,29,30+15=2013096
01,06,15,19,28,29+10=2013095
02,04,14,18,20,22+07=2013094
01,02,08,26,29,31+14=2013093
07,11,15,21,26,31+06=2013092
04,14,24,25,28,31+10=2013091
02,05,11,23,24,29+08=2013090
04,08,12,19,21,25+13=2013089
09,15,20,21,22,24+14=2013088
02,13,19,23,24,28+05=2013087
02,04,11,13,16,26+11=2013086
02,08,12,14,16,32+16=2013085
05,07,09,11,20,21+03=2013084
05,06,12,14,19,23+09=2013083
04,13,14,20,22,30+06=2013082
01,04,10,13,21,31+13=2013081
10,11,12,23,28,32+16=2013080
07,13,17,19,22,26+13=2013079
03,05,17,18,26,27+15=2013078
09,14,23,24,26,29+03=2013077
14,23,24,26,29,30+03=2013076
04,06,09,25,30,33+14=2013075
03,06,08,14,19,32+03=2013074
02,09,13,17,20,28+11=2013073
02,08,11,14,19,33+09=2013072
05,12,21,23,26,28+09=2013071
02,03,09,10,28,30+06=2013070
07,16,17,18,30,33+06=2013069
02,07,13,20,25,27+06=2013068
01,04,09,15,22,30+06=2013067
01,03,16,17,20,32+07=2013066
07,18,19,23,29,30+02=2013065
01,09,13,22,25,32+12=2013064
10,15,18,20,23,31+12=2013063
01,06,07,19,22,27+02=2013062
05,06,07,12,13,18+12=2013061
05,07,10,13,19,20+15=2013060
03,10,18,24,27,29+09=2013059
08,11,17,21,23,24+05=2013058
13,16,19,23,26,28+05=2013057
03,12,25,26,28,29+16=2013056
08,18,19,22,27,32+06=2013055
03,04,08,14,21,28+14=2013054
03,12,13,22,30,33+14=2013053
06,07,14,21,22,24+13=2013052
08,12,15,19,28,29+02=2013051
03,07,13,18,22,25+03=2013050
10,13,14,16,21,32+14=2013049
10,13,17,28,30,32+04=2013048
01,08,11,17,27,30+12=2013047
03,16,19,20,24,26+06=2013046
06,07,08,14,23,31+12=2013045
03,05,11,18,26,28+06=2013044
03,06,14,15,17,25+16=2013043
01,08,12,13,15,33+03=2013042
02,10,12,17,23,24+05=2013041
02,04,10,12,17,30+10=2013040
01,02,14,15,24,29+06=2013039
09,10,12,14,15,19+11=2013038
02,15,18,27,28,32+14=2013037
04,05,09,27,29,31+13=2013036
01,14,15,17,26,30+02=2013035
06,15,20,22,26,33+09=2013034
05,06,13,17,19,28+01=2013033
04,21,25,29,30,33+03=2013032
03,13,14,15,21,33+03=2013031
07,14,18,25,26,29+06=2013030
06,07,10,19,23,29+12=2013029
07,08,14,25,26,28+13=2013028
01,02,04,12,21,24+12=2013027
04,11,14,15,22,31+11=2013026
16,17,18,24,25,30+08=2013025
04,05,13,23,27,30+09=2013024
03,06,15,18,30,32+05=2013023
02,04,07,09,15,20+07=2013022
01,06,17,19,26,31+11=2013021
01,07,08,12,16,21+01=2013020
01,02,05,16,20,26+06=2013019
02,08,13,28,29,30+05=2013018
04,06,12,30,31,32+09=2013017
02,05,06,12,14,28+05=2013016
05,06,07,11,13,18+15=2013015
02,04,05,17,19,20+08=2013014
05,06,13,19,22,28+09=2013013
06,14,17,22,28,29+02=2013012
03,12,17,24,27,29+09=2013011
01,09,11,17,32,33+12=2013010
01,04,09,13,16,23+02=2013009
03,08,17,21,25,32+15=2013008
02,09,15,22,26,32+01=2013007
09,10,13,17,22,30+13=2013006
01,13,14,25,31,32+12=2013005
06,10,16,20,27,32+08=2013004
22,23,26,27,28,33+09=2013003
01,16,18,22,28,30+12=2013002
06,08,14,15,24,25+06=2013001
05,07,12,16,28,32+04=2012154
04,05,11,21,27,28+10=2012153
10,12,18,22,28,29+07=2012152
05,14,24,25,26,32+01=2012151
09,11,17,23,24,26+07=2012150
01,05,13,25,26,32+13=2012149
03,06,11,17,21,31+07=2012148
02,12,15,23,24,32+09=2012147
01,05,07,13,29,32+13=2012146
05,20,26,27,28,33+03=2012145
03,10,12,13,27,30+04=2012144
07,08,18,25,30,32+06=2012143
05,18,22,28,29,31+06=2012142
03,05,08,19,20,27+09=2012141
14,18,27,30,31,33+15=2012140
08,19,21,24,28,31+15=2012139
01,07,16,17,19,21+14=2012138
01,02,04,06,13,17+07=2012137
02,07,08,17,21,28+11=2012136
02,05,07,08,11,17+16=2012135
02,05,06,07,13,23+15=2012134
01,08,11,20,21,29+02=2012133
07,12,16,17,21,25+10=2012132
06,18,19,26,28,32+12=2012131
01,03,15,20,22,31+03=2012130
01,07,09,17,21,29+01=2012129
05,09,12,29,30,31+05=2012128
01,09,11,21,26,32+08=2012127
03,05,12,15,23,24+07=2012126
08,12,13,26,29,33+01=2012125
06,07,21,25,27,33+11=2012124
08,10,16,25,28,33+09=2012123
12,13,19,22,28,29+11=2012122
01,07,08,20,23,24+11=2012121
01,04,20,24,28,29+16=2012120
12,20,25,26,27,28+13=2012119
05,06,07,12,15,28+11=2012118
13,15,18,20,24,28+09=2012117
03,21,26,29,31,32+03=2012116
03,08,20,24,26,32+14=2012115
01,06,11,26,27,29+15=2012114
03,06,09,13,18,32+06=2012113
08,15,20,21,27,31+06=2012112
02,09,10,20,22,31+13=2012111
03,07,10,13,22,32+09=2012110
02,12,24,26,29,31+03=2012109
01,09,12,13,19,28+13=2012108
11,12,15,24,25,31+09=2012107
13,14,20,22,23,32+16=2012106
06,13,14,15,17,30+04=2012105
04,05,09,10,19,28+03=2012104
04,09,11,14,32,33+02=2012103
13,25,27,28,29,30+15=2012102
09,12,17,18,20,33+02=2012101
05,07,15,18,25,33+10=2012100
08,12,15,16,21,27+16=2012099
02,12,19,26,29,31+09=2012098
05,08,13,14,19,22+06=2012097
04,07,11,16,29,33+07=2012096
17,24,27,28,29,30+02=2012095
06,09,14,16,23,33+15=2012094
03,05,19,21,24,33+13=2012093
06,13,17,18,28,32+03=2012092
01,05,07,08,19,21+16=2012091
02,13,20,25,29,30+11=2012090
03,07,10,13,14,25+11=2012089
03,05,23,24,27,31+15=2012088
03,10,11,13,14,22+09=2012087
08,09,13,15,22,23+08=2012086
05,17,24,30,31,33+05=2012085
02,10,20,26,28,29+14=2012084
04,09,14,15,26,33+04=2012083
02,04,11,18,22,29+06=2012082
02,05,10,24,25,29+06=2012081
04,09,14,15,16,27+03=2012080
06,07,12,24,30,33+12=2012079
08,15,22,24,28,33+12=2012078
02,04,13,18,26,28+12=2012077
11,18,22,27,29,30+15=2012076
04,06,22,23,29,32+11=2012075
15,16,18,19,28,32+08=2012074
04,07,09,10,17,27+05=2012073
02,03,07,09,13,30+06=2012072
03,04,19,21,22,23+08=2012071
02,03,04,24,31,32+11=2012070
08,10,11,18,20,29+06=2012069
05,17,22,26,32,33+10=2012068
04,05,10,21,26,30+16=2012067
01,02,09,26,29,33+12=2012066
08,10,18,19,27,31+14=2012065
05,10,11,16,23,24+11=2012064
02,10,17,19,24,27+12=2012063
02,13,16,17,20,31+07=2012062
03,08,11,12,14,18+14=2012061
07,10,13,16,17,29+01=2012060
04,13,21,22,26,31+01=2012059
03,06,15,20,25,26+04=2012058
03,05,19,21,27,31+04=2012057
04,07,14,17,26,31+10=2012056
04,06,13,20,24,28+01=2012055
06,14,18,20,30,33+14=2012054
04,15,22,25,27,33+04=2012053
02,03,05,06,20,24+04=2012052
02,12,14,17,30,31+09=2012051
07,13,15,17,19,24+11=2012050
04,12,13,19,20,32+02=2012049
01,05,14,22,24,30+10=2012048
06,07,11,16,32,33+11=2012047
04,12,19,20,23,33+06=2012046
08,11,20,21,27,30+09=2012045
06,09,10,14,22,25+03=2012044
02,09,11,21,26,33+03=2012043
05,06,11,19,24,28+16=2012042
08,11,15,20,24,32+02=2012041
03,08,09,22,25,31+10=2012040
01,02,05,13,22,29+08=2012039
09,10,11,15,19,33+16=2012038
05,14,19,24,28,33+09=2012037
02,11,13,18,19,26+09=2012036
09,11,12,21,24,26+05=2012035
02,03,08,23,32,33+16=2012034
02,03,15,16,17,27+04=2012033
01,02,10,17,22,24+04=2012032
04,16,22,24,27,31+03=2012031
09,10,17,18,21,31+08=2012030
04,07,15,25,26,28+03=2012029
10,15,20,21,28,30+11=2012028
04,16,22,25,30,31+12=2012027
03,07,09,15,24,25+16=2012026
03,08,09,17,25,27+06=2012025
04,12,19,21,25,28+13=2012024
05,09,15,23,24,33+02=2012023
04,08,12,24,26,27+04=2012022
01,15,16,18,22,30+03=2012021
03,08,12,18,23,29+11=2012020
07,14,18,20,22,30+16=2012019
03,05,06,22,26,32+15=2012018
06,09,14,19,25,28+10=2012017
02,05,12,17,22,25+08=2012016
01,03,06,10,21,23+15=2012015
01,02,05,16,28,30+12=2012014
06,08,24,29,30,32+13=2012013
15,17,18,20,23,27+01=2012012
04,14,15,16,20,26+05=2012011
01,03,13,19,25,26+10=2012010
04,16,24,26,27,33+11=2012009
01,12,20,23,24,29+08=2012008
10,17,19,27,28,32+04=2012007
02,22,25,29,32,33+08=2012006
07,09,18,27,31,33+06=2012005
01,05,10,11,21,23+16=2012004
03,06,08,24,29,31+09=2012003
02,03,07,09,10,32+13=2012002
01,04,05,09,15,17+06=2012001
05,08,09,10,20,25+13=2011153
04,10,11,12,21,26+13=2011152
07,11,16,19,31,33+10=2011151
08,10,12,15,22,27+13=2011150
04,05,06,07,23,31+16=2011149
05,14,22,23,25,26+14=2011148
04,08,12,17,18,30+10=2011147
11,23,26,28,32,33+10=2011146
02,04,14,15,26,30+04=2011145
01,02,09,10,16,24+03=2011144
07,08,12,14,15,30+16=2011143
12,15,16,26,29,31+02=2011142
02,04,06,19,24,29+11=2011141
04,18,20,22,27,29+06=2011140
08,20,24,27,30,31+03=2011139
01,05,15,24,28,32+07=2011138
02,11,18,23,30,33+13=2011137
02,04,06,20,22,31+07=2011136
12,13,17,20,25,26+12=2011135
01,02,06,07,30,31+10=2011134
12,14,20,21,25,31+16=2011133
02,05,12,13,25,33+07=2011132
02,07,09,17,21,25+01=2011131
07,14,18,23,25,32+15=2011130
07,10,11,21,23,26+06=2011129
09,11,14,17,19,23+12=2011128
16,19,22,23,27,29+11=2011127
03,07,13,18,23,26+16=2011126
03,10,15,24,27,32+08=2011125
09,18,19,26,31,32+16=2011124
01,04,05,14,19,28+16=2011123
10,12,18,26,27,31+03=2011122
04,14,22,25,32,33+02=2011121
04,14,17,28,30,33+07=2011120
09,12,14,19,28,32+01=2011119
05,06,11,14,20,21+10=2011118
08,10,19,26,28,30+04=2011117
01,07,11,12,17,27+05=2011116
07,08,09,12,17,33+16=2011115
01,14,15,16,30,32+09=2011114
06,10,11,25,32,33+05=2011113
03,05,16,18,23,24+15=2011112
01,03,05,20,25,27+04=2011111
12,14,21,26,28,33+12=2011110
01,03,09,15,16,33+15=2011109
02,17,22,26,29,33+10=2011108
04,09,16,17,22,29+15=2011107
02,11,12,14,24,32+14=2011106
04,06,23,25,27,28+01=2011105
09,10,16,20,25,29+09=2011104
04,05,10,13,15,16+12=2011103
01,05,13,21,27,31+11=2011102
06,10,19,23,29,31+06=2011101
07,11,21,23,31,32+05=2011100
10,12,13,21,26,27+14=2011099
03,07,20,21,22,32+05=2011098
09,17,19,20,21,26+16=2011097
01,04,07,13,14,19+15=2011096
03,07,08,10,23,24+05=2011095
09,11,12,17,18,19+05=2011094
04,07,11,13,23,30+09=2011093
05,10,17,26,31,32+04=2011092
09,15,21,23,28,30+03=2011091
02,05,14,18,21,25+16=2011090
01,02,11,24,29,30+12=2011089
03,09,17,20,21,29+04=2011088
02,03,04,05,18,28+01=2011087
06,07,09,12,17,24+09=2011086
03,06,11,21,24,31+10=2011085
09,10,12,16,18,32+15=2011084
07,16,18,24,28,29+06=2011083
07,16,17,20,25,26+04=2011082
06,14,19,23,25,32+12=2011081
02,07,09,25,31,32+09=2011080
03,14,15,16,24,29+05=2011079
03,05,13,20,22,29+09=2011078
01,07,08,15,26,29+10=2011077
06,19,21,26,32,33+13=2011076
07,09,10,12,31,32+13=2011075
02,21,26,28,29,32+01=2011074
03,04,05,12,17,21+14=2011073
01,06,10,11,18,27+12=2011072
01,02,15,22,28,30+02=2011071
01,03,05,12,21,28+12=2011070
02,13,16,18,24,30+12=2011069
03,07,10,15,19,24+10=2011068
17,19,20,24,25,27+12=2011067
04,06,14,17,30,32+12=2011066
04,16,23,25,27,29+03=2011065
03,06,07,29,30,33+02=2011064
04,06,13,15,18,19+05=2011063
04,08,09,10,29,30+03=2011062
02,03,08,13,19,21+03=2011061
10,11,13,21,27,31+01=2011060
24,26,27,29,31,33+16=2011059
07,18,22,30,32,33+06=2011058
04,06,20,21,26,33+02=2011057
13,16,19,20,23,25+10=2011056
08,13,16,17,29,32+16=2011055
08,11,16,17,22,33+08=2011054
03,06,10,12,22,30+15=2011053
04,05,08,19,27,28+08=2011052
01,07,11,14,15,16+14=2011051
04,05,19,22,28,29+15=2011050
01,11,17,18,27,31+14=2011049
10,14,18,25,26,27+15=2011048
04,13,23,25,27,33+14=2011047
09,17,18,26,29,30+08=2011046
02,16,17,20,26,32+08=2011045
03,14,16,26,27,31+09=2011044
04,13,14,17,25,31+04=2011043
05,13,15,17,19,21+15=2011042
04,10,12,13,30,32+13=2011041
05,11,14,24,26,28+13=2011040
03,07,10,16,24,29+13=2011039
02,14,15,19,23,24+12=2011038
01,03,04,06,17,25+11=2011037
02,11,20,22,24,31+05=2011036
13,14,18,20,27,31+02=2011035
13,14,17,19,24,31+08=2011034
02,08,12,13,19,29+04=2011033
03,05,07,13,14,15+15=2011032
16,17,24,28,29,32+12=2011031
02,09,19,24,25,33+10=2011030
01,04,09,10,20,31+07=2011029
01,04,05,14,16,17+01=2011028
13,18,21,22,25,26+01=2011027
07,08,17,19,21,26+12=2011026
08,25,26,31,32,33+09=2011025
05,07,10,19,26,31+14=2011024
02,03,06,21,22,25+05=2011023
02,07,14,16,17,21+05=2011022
01,02,14,18,25,31+08=2011021
12,16,17,19,24,30+05=2011020
02,04,12,19,32,33+16=2011019
13,15,18,28,30,33+01=2011018
02,06,15,23,26,33+08=2011017
03,04,16,17,22,29+13=2011016
03,06,13,26,27,29+07=2011015
05,07,10,11,23,26+16=2011014
01,03,13,16,21,22+08=2011013
07,08,11,13,15,26+13=2011012
01,12,18,19,21,24+10=2011011
01,04,05,09,15,19+13=2011010
17,18,23,24,25,26+04=2011009
10,12,13,17,24,31+15=2011008
01,09,17,24,26,31+05=2011007
01,03,05,13,16,18+05=2011006
06,09,12,14,20,22+13=2011005
04,06,08,10,13,26+05=2011004
13,14,21,22,23,27+04=2011003
06,08,12,17,28,33+05=2011002
03,09,20,24,26,32+10=2011001
03,06,12,19,30,31+13=2010153
04,09,17,21,25,31+01=2010152
02,13,14,17,19,26+14=2010151
02,17,18,23,29,30+06=2010150
02,07,08,16,25,30+09=2010149
01,03,07,18,23,27+12=2010148
02,08,15,18,24,30+03=2010147
01,17,18,22,25,32+01=2010146
03,21,24,27,28,31+08=2010145
02,03,08,15,19,21+11=2010144
09,16,18,26,30,31+14=2010143
02,16,18,23,26,27+10=2010142
02,03,07,18,23,27+06=2010141
01,12,13,18,26,29+15=2010140
11,13,18,20,26,31+09=2010139
01,21,23,24,26,30+05=2010138
07,09,10,13,19,33+06=2010137
04,10,23,24,26,33+10=2010136
04,10,13,25,26,30+10=2010135
09,15,16,22,27,28+06=2010134
03,09,17,21,26,32+01=2010133
02,10,12,18,24,33+15=2010132
05,06,15,16,19,26+06=2010131
01,02,07,15,21,31+16=2010130
04,08,14,25,28,32+16=2010129
04,11,19,20,24,28+12=2010128
01,04,08,17,25,33+01=2010127
03,13,18,20,27,28+05=2010126
06,07,13,23,28,29+09=2010125
02,06,08,11,12,25+02=2010124
06,12,15,18,29,32+10=2010123
02,09,12,16,25,27+06=2010122
08,11,13,18,25,30+15=2010121
01,02,05,06,10,29+16=2010120
07,17,25,27,30,31+09=2010119
05,08,11,13,15,25+05=2010118
01,08,20,22,24,28+01=2010117
05,09,10,20,22,26+07=2010116
01,22,24,25,29,33+15=2010115
01,08,11,15,17,25+01=2010114
05,10,15,18,20,28+10=2010113
01,08,18,24,29,30+16=2010112
04,07,08,13,17,18+10=2010111
01,03,12,24,26,27+01=2010110
04,15,18,25,29,32+15=2010109
02,04,08,20,23,24+07=2010108
08,12,15,17,22,33+16=2010107
02,06,08,15,26,29+16=2010106
01,08,09,19,21,31+11=2010105
07,17,23,24,27,32+02=2010104
06,09,14,17,20,33+09=2010103
04,11,16,20,22,29+10=2010102
04,09,18,21,25,26+06=2010101
01,06,12,22,23,26+08=2010100
03,04,17,24,27,30+06=2010099
01,03,08,16,29,33+07=2010098
10,16,18,21,24,26+01=2010097
07,12,21,23,24,28+03=2010096
09,11,16,17,25,27+14=2010095
03,05,07,27,31,32+10=2010094
09,10,19,28,32,33+06=2010093
03,13,19,27,28,30+02=2010092
06,13,16,20,22,24+16=2010091
01,06,10,15,25,31+14=2010090
07,08,09,16,23,26+01=2010089
05,06,15,23,27,30+12=2010088
01,08,16,17,25,30+10=2010087
05,21,28,29,30,31+08=2010086
01,08,12,13,24,27+08=2010085
02,10,14,18,20,30+03=2010084
02,20,21,22,23,31+12=2010083
01,08,13,14,27,31+02=2010082
02,03,09,24,26,27+05=2010081
08,10,13,14,16,23+16=2010080
08,11,12,14,18,22+02=2010079
01,03,09,11,17,23+12=2010078
02,08,14,20,21,24+09=2010077
01,12,14,29,31,32+15=2010076
05,09,12,13,15,22+14=2010075
02,10,17,18,19,29+15=2010074
01,16,20,23,27,31+02=2010073
06,08,22,23,30,31+01=2010072
05,13,14,17,20,26+01=2010071
08,13,23,27,31,33+07=2010070
12,14,20,22,24,32+11=2010069
03,13,18,20,23,28+13=2010068
01,07,10,14,21,25+01=2010067
01,03,21,22,31,32+07=2010066
02,07,08,17,30,32+12=2010065
08,14,25,26,30,31+11=2010064
02,06,10,17,23,24+03=2010063
11,13,15,20,31,33+03=2010062
02,04,16,19,22,26+12=2010061
01,08,15,18,22,27+09=2010060
01,09,11,12,18,30+10=2010059
01,04,11,17,19,29+12=2010058
05,11,12,19,25,32+05=2010057
01,02,03,08,13,32+07=2010056
02,03,13,19,20,23+08=2010055
01,06,08,12,14,25+06=2010054
03,22,24,27,28,30+14=2010053
01,02,19,23,27,29+10=2010052
04,17,23,27,28,32+03=2010051
07,21,22,26,28,30+11=2010050
01,06,10,26,27,28+02=2010049
01,06,08,10,23,33+02=2010048
03,10,13,20,21,32+15=2010047
11,12,21,23,27,32+05=2010046
02,03,04,13,20,29+01=2010045
03,09,21,23,27,31+05=2010044
04,10,19,22,28,33+04=2010043
03,06,11,20,31,32+10=2010042
03,05,13,19,25,29+12=2010041
12,19,24,25,30,32+11=2010040
08,17,21,23,25,32+12=2010039
01,06,07,11,13,16+01=2010038
03,16,19,21,24,26+06=2010037
06,13,14,28,29,30+08=2010036
09,10,11,18,19,21+10=2010035
06,11,13,22,25,32+12=2010034
08,10,11,12,25,29+09=2010033
08,18,21,28,29,33+08=2010032
05,07,13,24,25,28+04=2010031
03,06,10,16,25,31+05=2010030
01,05,14,16,17,22+03=2010029
01,03,06,12,16,32+12=2010028
03,04,15,25,26,30+13=2010027
02,04,05,08,19,22+12=2010026
04,05,07,10,13,25+11=2010025
07,16,26,27,29,31+14=2010024
02,09,11,22,24,27+11=2010023
01,02,18,29,31,32+02=2010022
02,09,16,17,19,25+04=2010021
05,06,14,22,24,26+09=2010020
02,10,22,24,26,27+06=2010019
11,28,29,30,32,33+02=2010018
01,03,06,11,12,23+11=2010017
02,08,10,12,30,33+16=2010016
01,04,16,21,23,28+06=2010015
01,03,07,14,26,28+02=2010014
01,02,03,16,18,23+12=2010013
02,08,13,14,25,33+10=2010012
07,08,14,22,24,30+07=2010011
07,08,12,15,22,26+08=2010010
01,09,13,21,24,32+06=2010009
05,07,13,15,18,30+14=2010008
14,22,27,28,30,33+14=2010007
03,05,07,13,14,18+05=2010006
03,05,06,08,17,18+14=2010005
01,12,13,16,23,28+07=2010004
14,22,26,27,28,31+04=2010003
03,06,07,23,30,33+13=2010002
07,17,18,27,29,32+13=2010001
01,07,12,14,18,25+16=2009154
06,07,08,20,21,25+10=2009153
03,04,19,21,27,28+05=2009152
06,08,10,16,25,30+14=2009151
04,06,07,16,19,20+04=2009150
01,03,16,18,22,29+04=2009149
06,12,15,22,29,32+10=2009148
06,08,10,18,22,32+16=2009147
03,09,16,20,22,33+15=2009146
03,05,11,15,26,33+11=2009145
01,05,10,17,18,29+12=2009144
05,09,11,17,23,28+10=2009143
07,11,15,19,20,24+13=2009142
02,13,21,28,29,31+09=2009141
04,05,11,18,22,33+12=2009140
01,05,15,17,27,29+02=2009139
04,07,14,26,32,33+14=2009138
08,12,14,15,17,21+01=2009137
01,04,14,22,30,33+01=2009136
01,03,14,19,30,33+16=2009135
03,05,12,15,28,33+06=2009134
05,09,13,18,20,32+01=2009133
04,14,15,21,23,30+07=2009132
16,23,25,26,32,33+05=2009131
02,03,07,12,13,30+11=2009130
06,07,16,17,24,25+07=2009129
05,08,15,16,26,32+01=2009128
02,11,12,14,15,16+04=2009127
03,05,06,10,19,23+15=2009126
06,07,08,22,26,27+12=2009125
03,04,22,23,28,30+10=2009124
09,13,20,22,25,28+14=2009123
07,14,16,27,29,32+01=2009122
02,04,06,10,25,30+09=2009121
01,02,08,12,16,30+16=2009120
06,07,10,12,15,21+05=2009119
12,16,25,26,27,31+05=2009118
05,09,15,21,26,31+13=2009117
05,17,21,25,27,32+14=2009116
02,09,13,15,19,24+03=2009115
03,05,11,12,31,32+11=2009114
04,12,20,25,28,29+16=2009113
06,07,18,24,30,32+09=2009112
02,04,07,14,15,25+15=2009111
04,10,13,15,19,30+14=2009110
05,06,07,14,25,28+01=2009109
04,10,17,28,32,33+02=2009108
07,08,20,23,28,29+05=2009107
01,02,15,18,20,29+04=2009106
02,08,10,16,27,30+15=2009105
20,22,26,29,30,32+16=2009104
06,11,17,20,23,24+09=2009103
03,05,07,08,14,31+10=2009102
01,02,05,10,19,24+14=2009101
02,11,17,27,30,33+11=2009100
08,09,18,20,25,29+09=2009099
03,14,15,20,23,30+02=2009098
07,13,24,26,28,32+14=2009097
01,26,27,31,32,33+03=2009096
08,09,14,28,31,33+15=2009095
03,16,22,25,26,33+14=2009094
01,11,20,31,32,33+01=2009093
02,06,07,14,18,31+08=2009092
03,08,11,14,25,29+04=2009091
07,09,14,20,23,30+14=2009090
02,03,07,11,19,32+04=2009089
04,07,11,15,16,17+02=2009088
06,11,13,20,28,32+06=2009087
11,12,13,18,23,32+11=2009086
04,08,12,17,20,30+03=2009085
04,09,11,20,32,33+13=2009084
02,08,12,18,24,28+04=2009083
11,15,18,21,27,29+02=2009082
04,05,06,25,29,30+03=2009081
01,11,13,25,32,33+06=2009080
02,09,16,21,30,31+13=2009079
05,07,12,14,15,20+13=2009078
01,09,14,16,28,32+16=2009077
09,18,19,25,28,31+06=2009076
01,13,15,17,20,30+05=2009075
05,10,16,19,23,28+13=2009074
09,16,17,18,22,27+14=2009073
01,03,12,20,21,29+04=2009072
04,05,23,26,31,32+06=2009071
01,02,09,10,21,31+10=2009070
03,05,12,18,21,23+02=2009069
06,11,18,20,25,30+05=2009068
04,10,16,23,28,30+05=2009067
02,15,19,24,31,32+04=2009066
08,12,20,22,30,33+02=2009065
01,02,14,23,28,29+15=2009064
02,05,11,26,30,32+16=2009063
10,19,20,21,23,32+10=2009062
10,11,13,16,19,30+03=2009061
07,13,17,26,32,33+04=2009060
03,07,13,23,27,30+11=2009059
05,08,10,15,23,26+09=2009058
05,07,10,14,17,25+11=2009057
04,09,10,18,29,32+08=2009056
03,04,18,22,24,29+11=2009055
16,17,23,26,31,32+11=2009054
07,12,18,19,22,28+04=2009053
09,11,15,19,21,30+08=2009052
06,10,13,16,21,23+07=2009051
13,21,24,29,30,32+04=2009050
09,12,14,20,30,31+06=2009049
03,07,11,15,17,31+01=2009048
06,08,11,15,21,22+16=2009047
16,20,21,26,29,30+09=2009046
03,04,06,23,30,32+01=2009045
11,14,16,18,26,30+01=2009044
04,09,10,15,18,26+07=2009043
08,16,22,23,27,30+11=2009042
01,08,23,26,28,33+08=2009041
04,07,10,20,26,30+12=2009040
05,12,14,15,21,27+03=2009039
12,13,15,23,28,32+05=2009038
02,06,15,18,20,31+03=2009037
06,09,18,23,32,33+07=2009036
06,15,21,26,29,31+05=2009035
09,12,18,21,22,26+07=2009034
07,08,13,14,29,30+06=2009033
09,11,12,19,27,32+06=2009032
01,02,03,15,30,33+01=2009031
08,14,24,26,28,32+07=2009030
12,13,15,22,23,29+13=2009029
03,06,12,15,23,26+10=2009028
02,07,11,16,27,32+06=2009027
11,15,17,18,20,30+16=2009026
10,20,22,23,26,33+11=2009025
01,03,17,23,30,33+12=2009024
01,06,07,15,24,30+08=2009023
05,08,09,10,11,18+08=2009022
01,04,05,17,24,27+09=2009021
03,05,07,10,19,23+13=2009020
06,17,19,20,26,27+04=2009019
02,05,06,19,27,30+15=2009018
06,14,15,19,25,26+08=2009017
02,07,13,16,20,33+03=2009016
02,04,06,15,17,32+05=2009015
03,06,09,14,15,18+02=2009014
04,08,09,21,26,27+09=2009013
05,11,14,17,18,28+01=2009012
02,04,13,14,18,23+15=2009011
03,10,17,19,20,24+02=2009010
08,15,21,30,31,33+02=2009009
04,15,16,22,32,33+02=2009008
01,05,12,23,25,26+15=2009007
06,12,18,20,26,33+02=2009006
01,03,08,15,17,21+13=2009005
03,11,13,17,28,31+03=2009004
02,03,06,15,25,30+02=2009003
10,14,17,25,29,33+14=2009002
04,21,23,24,30,31+04=2009001
02,05,07,21,22,26+08=2008154
01,04,18,21,24,30+16=2008153
01,04,06,22,26,30+08=2008152
06,08,10,14,17,19+06=2008151
04,19,22,24,29,32+02=2008150
10,14,22,28,29,33+02=2008149
03,05,09,22,26,28+09=2008148
07,08,14,22,26,33+02=2008147
07,08,17,19,31,32+10=2008146
07,13,18,22,26,29+02=2008145
02,05,10,27,29,33+15=2008144
12,17,18,19,26,27+06=2008143
05,06,10,13,17,28+15=2008142
03,13,20,25,29,33+15=2008141
07,14,16,29,30,31+14=2008140
08,09,19,23,25,26+07=2008139
07,14,19,23,25,32+04=2008138
01,04,24,28,29,33+09=2008137
05,09,10,12,18,28+02=2008136
05,14,15,16,19,21+15=2008135
10,15,19,20,28,32+02=2008134
08,11,16,19,24,26+11=2008133
09,13,16,25,27,33+08=2008132
02,12,15,18,22,32+08=2008131
01,12,18,28,30,32+06=2008130
01,03,18,24,25,32+15=2008129
01,05,19,20,27,33+05=2008128
05,08,19,22,27,30+13=2008127
04,11,12,14,20,30+13=2008126
10,11,12,15,26,29+09=2008125
01,07,10,13,21,22+03=2008124
10,11,15,16,25,29+02=2008123
02,08,11,14,19,26+15=2008122
02,22,23,27,31,32+06=2008121
10,11,22,24,26,33+02=2008120
05,07,09,15,24,29+07=2008119
04,09,16,27,31,33+01=2008118
03,05,07,10,14,33+07=2008117
03,07,21,22,24,29+14=2008116
02,12,13,14,17,18+06=2008115
04,09,20,24,25,31+14=2008114
06,09,10,12,17,22+09=2008113
05,13,14,19,22,23+06=2008112
17,18,21,25,31,32+06=2008111
10,16,22,23,29,31+02=2008110
04,07,09,16,21,28+10=2008109
09,10,15,17,23,30+12=2008108
06,13,18,22,27,32+04=2008107
14,19,25,27,29,30+15=2008106
05,17,19,27,28,32+02=2008105
03,06,08,17,24,31+01=2008104
01,12,16,18,22,33+04=2008103
03,07,12,21,25,32+05=2008102
09,17,21,26,28,30+04=2008101
08,14,17,21,27,28+14=2008100
10,15,16,22,23,24+07=2008099
06,07,10,11,15,30+01=2008098
03,06,08,09,16,17+13=2008097
06,08,12,24,27,31+14=2008096
03,08,14,21,28,29+03=2008095
01,04,15,16,23,28+14=2008094
04,10,12,16,26,28+07=2008093
01,03,18,27,28,30+05=2008092
03,12,14,23,31,32+10=2008091
02,07,14,18,19,24+01=2008090
03,06,11,16,22,27+11=2008089
01,06,08,16,17,23+05=2008088
01,07,26,29,30,31+06=2008087
04,05,10,26,27,30+12=2008086
01,04,12,20,24,29+15=2008085
04,07,13,20,29,30+16=2008084
07,08,09,18,29,32+09=2008083
04,08,10,12,21,26+09=2008082
02,12,13,18,25,31+04=2008081
04,14,22,25,29,32+14=2008080
03,04,05,10,20,32+09=2008079
06,13,16,26,30,33+01=2008078
04,12,22,26,30,33+09=2008077
02,05,07,11,13,18+11=2008076
01,08,14,18,22,30+03=2008075
01,11,15,19,20,24+09=2008074
01,09,13,22,28,33+08=2008073
01,05,10,18,22,30+09=2008072
01,06,21,26,27,28+09=2008071
05,06,12,15,18,33+13=2008070
05,08,17,20,26,30+10=2008069
05,07,17,23,27,29+07=2008068
10,11,15,19,26,33+13=2008067
07,12,21,22,29,30+08=2008066
05,13,15,19,30,31+05=2008065
01,02,07,09,12,18+12=2008064
05,09,11,14,16,17+15=2008063
06,08,13,17,24,27+15=2008062
01,02,05,12,26,31+06=2008061
06,07,08,17,30,32+03=2008060
02,06,15,29,31,32+16=2008059
01,12,21,27,29,31+11=2008058
19,20,21,26,28,30+08=2008057
08,13,22,23,25,30+07=2008056
11,16,19,23,26,31+04=2008055
02,06,16,17,20,25+07=2008054
06,12,19,20,21,27+04=2008053
02,10,17,23,29,31+10=2008052
01,04,08,10,13,33+11=2008051
01,11,19,24,26,27+03=2008050
03,10,12,13,19,25+04=2008049
11,18,21,27,30,32+01=2008048
09,12,13,14,20,22+10=2008047
15,16,18,24,28,33+15=2008046
01,10,13,21,29,32+04=2008045
05,07,09,20,26,29+09=2008044
03,10,16,22,27,33+14=2008043
03,04,09,11,12,24+01=2008042
08,11,20,22,23,27+04=2008041
06,13,22,25,27,28+09=2008040
01,07,10,13,22,29+01=2008039
03,09,10,11,15,19+13=2008038
01,12,22,24,28,31+06=2008037
02,06,13,18,23,28+16=2008036
07,11,14,17,18,29+16=2008035
03,05,09,11,21,29+09=2008034
12,17,18,30,31,33+04=2008033
05,14,16,21,23,28+13=2008032
03,06,11,15,21,31+13=2008031
06,15,18,19,20,28+11=2008030
01,09,14,22,29,32+12=2008029
01,13,21,26,29,32+10=2008028
15,18,19,23,24,26+13=2008027
05,17,19,27,29,32+03=2008026
08,16,17,18,19,21+14=2008025
11,20,21,26,28,30+13=2008024
08,16,18,25,26,32+02=2008023
12,18,20,24,28,32+05=2008022
09,12,19,20,26,28+15=2008021
03,10,13,15,28,30+03=2008020
02,09,11,17,27,31+05=2008019
02,05,06,23,26,33+13=2008018
02,05,07,17,20,22+02=2008017
03,12,14,21,29,33+13=2008016
06,08,11,16,29,33+03=2008015
03,09,11,17,21,31+14=2008014
02,08,15,16,22,28+10=2008013
03,04,05,16,20,30+13=2008012
02,14,17,21,30,32+03=2008011
03,08,11,17,21,27+09=2008010
09,21,29,30,31,32+16=2008009
02,15,16,23,26,27+07=2008008
01,13,17,22,23,30+11=2008007
01,14,16,18,22,27+14=2008006
03,05,15,22,24,25+15=2008005
04,08,22,23,27,29+08=2008004
06,08,11,13,17,19+12=2008003
03,04,18,22,25,29+09=2008002
02,04,07,09,14,29+03=2008001
01,04,19,20,25,31+15=2007153
11,17,21,29,30,33+08=2007152
01,06,10,11,23,25+02=2007151
03,05,11,13,19,24+05=2007150
01,17,19,22,28,30+03=2007149
03,09,16,17,23,28+07=2007148
03,07,18,24,26,27+04=2007147
04,18,22,24,26,30+09=2007146
08,09,11,12,25,31+11=2007145
08,14,23,25,28,32+16=2007144
01,06,22,23,24,26+04=2007143
11,20,25,26,27,30+08=2007142
02,03,04,06,17,31+08=2007141
01,05,16,21,22,26+11=2007140
06,10,12,14,16,22+06=2007139
02,03,15,17,19,25+16=2007138
03,07,08,18,20,22+03=2007137
01,02,18,21,25,29+14=2007136
01,11,16,26,31,33+16=2007135
01,04,10,13,18,25+15=2007134
03,06,07,11,13,33+10=2007133
01,09,16,21,22,23+05=2007132
03,05,07,16,22,27+05=2007131
03,05,09,11,27,31+04=2007130
05,07,20,21,22,30+08=2007129
09,10,19,21,27,31+05=2007128
06,09,13,16,24,28+11=2007127
09,10,19,23,26,31+09=2007126
03,05,18,20,27,33+01=2007125
03,07,13,16,19,32+16=2007124
01,13,15,23,28,32+02=2007123
04,07,19,24,26,32+09=2007122
03,10,21,22,27,28+06=2007121
06,07,11,12,18,25+01=2007120
03,08,11,13,25,31+12=2007119
04,10,16,18,25,32+15=2007118
03,07,09,10,26,32+01=2007117
03,05,07,11,17,27+13=2007116
01,05,10,16,20,26+02=2007115
05,12,15,24,27,33+05=2007114
04,18,23,25,26,31+10=2007113
07,11,14,16,25,32+11=2007112
02,09,10,12,13,17+11=2007111
02,04,07,15,24,28+03=2007110
01,04,07,08,13,14+04=2007109
03,07,12,13,20,33+02=2007108
02,08,09,18,24,28+10=2007107
12,18,21,24,25,29+08=2007106
02,07,10,17,23,29+14=2007105
02,08,12,14,20,32+04=2007104
07,09,25,27,30,32+01=2007103
04,06,08,18,20,33+11=2007102
15,16,18,21,22,30+14=2007101
08,18,27,29,30,32+06=2007100
03,04,14,27,31,33+05=2007099
02,03,05,11,19,20+12=2007098
04,08,13,18,26,30+11=2007097
09,10,20,22,30,32+08=2007096
01,06,08,18,29,32+07=2007095
03,05,18,19,24,32+02=2007094
05,10,13,15,19,29+02=2007093
14,18,22,23,24,33+09=2007092
02,11,17,30,31,32+07=2007091
05,11,13,27,30,31+02=2007090
03,07,08,15,19,28+03=2007089
02,04,10,28,29,33+06=2007088
01,03,04,05,08,21+09=2007087
05,08,14,22,27,29+16=2007086
02,12,17,19,29,30+12=2007085
06,10,12,14,20,27+10=2007084
11,14,18,20,21,26+05=2007083
05,15,17,18,25,32+15=2007082
09,14,15,19,24,33+13=2007081
01,08,16,18,19,29+04=2007080
03,04,14,20,21,25+14=2007079
04,06,07,23,25,32+01=2007078
06,08,14,21,28,29+02=2007077
06,12,15,16,20,31+02=2007076
13,16,17,22,30,32+03=2007075
08,13,15,25,27,28+03=2007074
05,09,11,19,28,31+02=2007073
02,04,08,13,14,33+16=2007072
01,06,14,21,30,31+09=2007071
06,08,15,17,18,30+12=2007070
03,04,11,12,14,32+12=2007069
11,18,19,22,23,28+01=2007068
06,11,13,17,21,23+11=2007067
05,11,16,24,32,33+08=2007066
04,07,19,21,25,31+07=2007065
02,06,09,16,21,23+16=2007064
10,15,17,24,26,28+12=2007063
08,17,20,29,30,33+09=2007062
01,06,07,11,20,23+05=2007061
01,02,08,16,19,29+05=2007060
01,03,04,06,07,29+14=2007059
07,08,10,13,25,27+07=2007058
05,11,18,19,20,21+09=2007057
14,17,21,29,31,32+12=2007056
02,06,11,22,28,29+02=2007055
01,03,16,18,23,28+05=2007054
10,13,16,17,18,27+11=2007053
02,03,07,08,26,29+07=2007052
03,14,16,26,27,33+13=2007051
01,05,08,13,18,25+02=2007050
04,14,18,19,31,33+02=2007049
02,11,12,15,17,28+12=2007048
02,04,16,18,23,30+06=2007047
02,06,07,09,19,26+14=2007046
01,12,18,21,28,30+10=2007045
09,13,20,21,24,32+08=2007044
03,08,10,11,14,30+05=2007043
03,13,16,19,32,33+08=2007042
01,03,09,11,26,31+12=2007041
13,14,15,19,24,30+10=2007040
06,07,19,24,27,29+01=2007039
03,11,14,19,21,30+05=2007038
10,11,16,23,31,33+16=2007037
03,14,21,23,30,31+10=2007036
01,04,08,12,29,31+06=2007035
02,09,12,14,23,25+16=2007034
03,04,11,17,18,28+09=2007033
04,08,16,24,30,32+16=2007032
04,06,10,12,19,31+01=2007031
03,16,21,22,27,30+04=2007030
06,08,09,11,19,21+10=2007029
03,08,13,20,29,30+11=2007028
02,03,09,22,24,27+11=2007027
01,04,14,16,26,29+10=2007026
03,16,18,22,23,26+03=2007025
08,09,17,25,27,32+06=2007024
03,07,13,17,32,33+02=2007023
02,04,07,10,18,27+10=2007022
03,06,09,11,25,31+13=2007021
05,10,16,20,28,31+14=2007020
04,11,16,23,29,31+14=2007019
01,12,18,20,21,26+11=2007018
05,09,10,24,25,32+14=2007017
01,18,20,22,26,33+05=2007016
03,04,08,18,22,30+15=2007015
01,13,16,20,24,26+09=2007014
05,15,18,27,29,32+05=2007013
03,05,07,21,26,28+04=2007012
03,10,15,25,28,33+16=2007011
03,08,14,17,30,32+05=2007010
02,04,14,15,25,27+15=2007009
01,04,05,18,19,25+10=2007008
04,12,15,17,22,32+14=2007007
06,10,14,22,26,27+11=2007006
01,05,06,16,24,30+12=2007005
03,07,10,13,25,33+10=2007004
05,09,11,12,22,27+15=2007003
05,06,14,20,21,22+01=2007002
02,04,09,10,20,26+14=2007001
07,14,18,20,30,33+13=2006154
01,07,11,20,30,33+10=2006153
01,14,20,25,27,31+15=2006152
01,03,04,06,16,22+08=2006151
08,09,12,18,25,27+12=2006150
02,03,05,11,15,32+15=2006149
04,08,12,13,23,29+01=2006148
01,04,15,17,27,31+01=2006147
03,09,13,23,28,30+05=2006146
02,07,23,26,28,31+07=2006145
04,10,13,16,22,29+06=2006144
01,15,20,29,31,32+08=2006143
10,16,19,22,26,27+16=2006142
16,18,22,23,25,31+11=2006141
01,08,11,18,19,23+05=2006140
07,08,14,21,23,25+05=2006139
04,09,11,17,18,26+08=2006138
10,14,17,21,27,31+09=2006137
11,15,17,21,22,24+05=2006136
04,19,21,22,23,31+04=2006135
10,13,18,26,28,30+12=2006134
04,06,20,25,29,31+03=2006133
06,14,22,26,30,33+01=2006132
03,04,09,22,26,33+01=2006131
01,12,21,22,30,32+02=2006130
09,14,18,22,27,29+12=2006129
04,15,21,30,31,33+05=2006128
03,04,11,17,19,30+01=2006127
02,08,13,16,24,33+09=2006126
15,19,23,30,32,33+06=2006125
12,13,14,18,31,32+13=2006124
02,03,20,25,28,32+06=2006123
04,05,06,08,22,24+03=2006122
03,04,06,27,31,33+06=2006121
06,08,14,15,24,33+09=2006120
01,02,14,20,27,30+02=2006119
01,03,07,08,10,30+05=2006118
06,14,20,22,23,26+09=2006117
05,16,21,22,32,33+09=2006116
01,10,20,26,28,29+15=2006115
08,10,14,20,27,29+16=2006114
05,14,17,18,28,33+02=2006113
04,09,13,15,31,33+11=2006112
01,08,11,16,17,22+15=2006111
09,12,14,18,27,33+13=2006110
01,05,17,18,23,26+13=2006109
02,06,08,20,24,30+09=2006108
01,06,08,13,17,30+07=2006107
02,12,14,19,28,33+10=2006106
05,12,14,15,20,31+01=2006105
03,07,22,27,28,31+11=2006104
12,14,15,25,28,31+06=2006103
01,04,13,19,20,24+11=2006102
09,12,20,26,27,28+16=2006101
01,11,18,26,30,32+03=2006100
09,12,18,23,24,27+05=2006099
06,07,10,11,18,23+16=2006098
11,14,15,20,26,27+12=2006097
01,05,09,13,18,33+14=2006096
01,03,17,20,21,29+16=2006095
15,16,17,18,24,33+13=2006094
02,12,16,18,19,23+05=2006093
02,08,11,16,20,21+14=2006092
07,08,12,21,22,24+07=2006091
02,11,15,20,23,29+11=2006090
01,13,16,18,19,22+01=2006089
03,11,20,24,25,26+01=2006088
04,05,08,09,12,30+05=2006087
04,06,10,24,26,31+06=2006086
02,06,18,21,24,25+08=2006085
01,12,17,21,25,28+12=2006084
07,09,18,19,26,29+10=2006083
03,13,15,23,28,29+09=2006082
14,16,18,21,22,32+04=2006081
15,17,20,22,26,29+09=2006080
06,11,13,17,20,32+08=2006079
03,05,17,22,31,33+12=2006078
08,09,12,13,19,33+09=2006077
04,10,17,21,29,32+14=2006076
10,21,22,23,25,33+11=2006075
01,03,15,19,25,33+04=2006074
05,13,16,18,27,29+12=2006073
02,03,05,20,21,24+08=2006072
05,11,12,19,29,31+01=2006071
02,03,11,13,20,27+02=2006070
05,16,20,22,29,30+08=2006069
03,07,10,14,30,33+10=2006068
07,08,11,16,17,24+13=2006067
06,08,11,18,30,33+05=2006066
04,08,17,28,29,30+13=2006065
03,12,14,21,24,28+11=2006064
04,05,15,21,23,24+08=2006063
18,22,23,24,26,30+01=2006062
05,13,17,19,25,30+11=2006061
05,15,19,23,30,32+14=2006060
05,10,15,17,27,29+11=2006059
01,12,22,23,24,25+14=2006058
03,04,17,18,21,31+08=2006057
11,13,15,21,23,25+08=2006056
04,05,28,29,31,33+11=2006055
03,05,07,10,28,30+04=2006054
01,11,17,27,28,31+02=2006053
11,24,26,27,30,32+03=2006052
02,06,07,17,27,30+16=2006051
02,06,12,15,25,31+07=2006050
06,10,12,13,17,20+03=2006049
09,13,19,25,29,32+12=2006048
02,17,20,22,28,32+03=2006047
13,18,23,29,31,32+08=2006046
06,07,10,14,20,21+04=2006045
02,10,18,21,30,31+05=2006044
05,12,13,16,23,32+03=2006043
03,16,23,26,28,31+11=2006042
03,10,16,18,21,28+04=2006041
15,22,25,26,28,33+03=2006040
16,19,22,28,31,32+03=2006039
02,14,17,19,22,30+10=2006038
02,12,23,24,25,32+14=2006037
04,07,10,16,17,21+09=2006036
03,09,13,21,27,29+13=2006035
02,10,15,16,17,33+13=2006034
15,20,22,23,27,31+06=2006033
05,18,20,24,26,31+09=2006032
03,10,12,16,31,32+14=2006031
08,13,15,17,20,32+14=2006030
03,04,07,09,14,19+08=2006029
05,07,14,16,17,27+04=2006028
06,08,11,14,16,27+15=2006027
01,02,18,22,29,32+03=2006026
03,04,17,19,24,32+05=2006025
02,07,09,11,21,27+06=2006024
04,13,14,19,23,28+08=2006023
02,03,04,13,16,27+13=2006022
01,02,05,20,21,22+09=2006021
05,09,21,23,26,29+06=2006020
04,06,13,22,26,32+07=2006019
01,13,14,17,24,26+05=2006018
03,04,08,31,32,33+02=2006017
01,07,13,17,23,30+16=2006016
02,03,09,15,29,32+03=2006015
06,14,26,29,32,33+07=2006014
01,05,06,12,16,21+11=2006013
09,11,13,27,31,33+10=2006012
05,07,08,14,27,31+11=2006011
04,06,12,19,27,29+08=2006010
05,06,08,20,26,30+06=2006009
03,05,09,18,28,32+16=2006008
04,16,18,27,32,33+07=2006007
08,21,22,23,26,32+14=2006006
03,19,20,24,26,27+11=2006005
04,08,17,27,28,31+07=2006004
02,04,05,06,16,20+12=2006003
07,13,16,21,26,28+09=2006002
01,12,15,19,21,28+03=2006001
04,05,07,21,26,29+01=2005153
01,05,12,14,21,27+03=2005152
04,11,12,13,19,30+05=2005151
03,07,10,14,18,20+02=2005150
11,16,21,23,25,32+07=2005149
03,15,17,23,24,29+13=2005148
06,07,15,27,28,30+10=2005147
07,11,19,20,24,28+02=2005146
03,07,08,17,20,28+15=2005145
01,08,14,15,19,27+09=2005144
03,10,15,17,20,32+08=2005143
07,10,12,17,22,29+05=2005142
03,05,08,12,16,19+15=2005141
04,06,07,08,12,17+07=2005140
02,07,20,23,32,33+10=2005139
03,05,06,11,20,22+13=2005138
03,09,15,23,25,33+12=2005137
05,14,16,18,25,27+13=2005136
01,05,13,15,21,25+11=2005135
04,13,14,18,26,30+01=2005134
01,07,14,16,18,25+11=2005133
02,04,10,18,27,29+15=2005132
02,07,10,11,12,24+03=2005131
03,05,09,15,20,25+16=2005130
05,10,14,20,27,33+03=2005129
02,04,14,23,29,33+15=2005128
04,06,11,14,23,25+12=2005127
02,08,13,19,25,26+09=2005126
06,14,18,28,31,32+03=2005125
05,06,10,19,31,33+11=2005124
11,12,13,17,18,25+07=2005123
01,04,07,14,30,32+09=2005122
01,07,20,25,31,32+12=2005121
01,06,13,18,30,32+14=2005120
01,07,11,18,20,22+02=2005119
04,09,12,15,26,31+16=2005118
06,17,22,27,28,32+03=2005117
04,06,08,14,15,30+10=2005116
03,12,18,23,30,33+02=2005115
06,07,10,15,21,27+06=2005114
15,18,20,22,26,27+03=2005113
04,12,22,28,29,30+16=2005112
03,07,15,16,19,29+09=2005111
07,10,16,19,24,25+09=2005110
03,05,13,15,17,31+04=2005109
03,10,12,24,29,30+06=2005108
09,10,20,24,25,26+11=2005107
01,11,13,24,26,31+13=2005106
04,15,23,30,32,33+03=2005105
02,04,21,23,30,33+09=2005104
04,07,16,18,23,30+07=2005103
02,05,06,14,24,31+12=2005102
09,16,19,21,22,24+12=2005101
02,04,09,14,16,31+03=2005100
10,13,16,22,24,31+09=2005099
12,15,19,22,31,33+01=2005098
05,10,23,27,28,30+15=2005097
04,05,17,18,26,33+04=2005096
09,12,18,21,28,29+05=2005095
03,05,09,23,27,33+03=2005094
04,06,17,23,25,29+14=2005093
08,13,19,26,28,31+10=2005092
01,11,12,15,26,27+13=2005091
01,09,21,25,29,32+03=2005090
05,19,20,23,26,31+12=2005089
01,03,07,18,20,24+07=2005088
08,09,15,16,23,26+08=2005087
07,11,12,24,27,29+12=2005086
08,09,13,14,20,22+12=2005085
01,02,07,15,19,20+03=2005084
03,05,09,14,16,30+13=2005083
01,07,11,14,19,20+12=2005082
02,04,10,12,26,30+03=2005081
01,12,14,26,27,32+16=2005080
03,09,20,24,25,28+05=2005079
03,11,15,20,26,32+11=2005078
08,17,22,24,32,33+16=2005077
04,09,11,22,25,28+13=2005076
11,13,14,16,18,31+14=2005075
06,09,18,20,26,29+09=2005074
01,06,08,09,18,20+01=2005073
06,10,19,20,24,33+11=2005072
04,08,12,14,16,22+10=2005071
03,04,08,14,16,26+04=2005070
07,09,21,24,31,33+12=2005069
01,08,10,13,25,33+13=2005068
03,12,16,20,21,26+16=2005067
02,04,10,11,25,28+05=2005066
12,16,17,21,22,23+16=2005065
10,18,23,27,30,32+08=2005064
02,11,13,18,22,30+04=2005063
02,07,11,12,20,23+07=2005062
05,09,14,21,23,24+01=2005061
09,12,21,25,31,33+13=2005060
07,11,14,18,24,29+07=2005059
04,06,10,21,25,26+10=2005058
05,06,10,15,30,31+13=2005057
12,17,19,27,29,31+09=2005056
05,20,22,30,32,33+09=2005055
05,13,17,18,21,29+14=2005054
04,07,10,14,27,29+09=2005053
01,02,14,17,30,32+01=2005052
03,06,14,19,20,21+02=2005051
02,09,12,20,26,32+13=2005050
02,03,08,10,25,27+12=2005049
06,07,08,10,16,28+02=2005048
02,03,05,07,08,27+15=2005047
09,16,18,20,22,24+05=2005046
01,07,10,15,18,20+10=2005045
01,06,16,17,18,22+09=2005044
04,05,06,07,08,32+05=2005043
11,16,21,26,27,30+15=2005042
02,11,16,23,24,29+03=2005041
01,12,21,24,30,32+13=2005040
02,16,18,19,21,29+09=2005039
04,07,11,20,27,28+16=2005038
07,12,14,22,24,32+16=2005037
12,19,20,21,26,31+15=2005036
12,16,21,28,29,30+14=2005035
05,17,18,25,28,32+09=2005034
07,08,12,14,19,20+07=2005033
05,15,19,20,25,29+03=2005032
04,10,16,20,23,32+07=2005031
01,05,09,14,22,28+05=2005030
02,14,21,22,27,30+14=2005029
04,09,22,25,26,32+10=2005028
01,03,04,06,21,32+15=2005027
06,12,14,20,25,26+07=2005026
01,07,10,11,13,32+07=2005025
05,09,14,27,31,32+13=2005024
10,15,19,20,21,25+12=2005023
08,10,12,21,32,33+04=2005022
02,06,24,26,30,31+16=2005021
14,16,19,20,25,29+05=2005020
06,11,12,13,19,22+08=2005019
01,03,06,22,23,25+06=2005018
02,06,10,25,27,31+03=2005017
01,05,06,12,16,30+15=2005016
04,08,09,16,17,29+15=2005015
13,19,21,23,30,32+05=2005014
07,08,16,19,20,24+06=2005013
02,03,06,16,22,31+05=2005012
09,11,13,15,22,30+15=2005011
08,10,11,18,25,26+01=2005010
02,17,22,27,29,31+14=2005009
11,19,22,27,32,33+11=2005008
07,15,17,20,23,33+15=2005007
02,04,05,15,21,31+16=2005006
05,09,20,26,28,33+15=2005005
01,04,08,09,22,23+03=2005004
09,12,15,19,22,31+16=2005003
06,09,20,26,28,33+14=2005002
01,07,08,23,27,28+14=2005001
03,11,14,22,24,31+15=2004122
07,13,16,18,30,32+10=2004121
07,08,18,21,27,32+10=2004120
06,09,18,20,25,33+06=2004119
03,04,07,12,30,31+15=2004118
01,03,07,14,24,25+07=2004117
01,03,05,08,14,33+03=2004116
02,16,20,30,31,33+01=2004115
01,06,09,17,21,22+01=2004114
08,10,23,25,31,32+07=2004113
09,13,15,21,26,33+06=2004112
11,16,18,20,26,31+02=2004111
14,19,20,21,22,31+11=2004110
06,08,10,17,30,31+14=2004109
08,13,14,27,28,31+12=2004108
01,08,12,13,18,20+07=2004107
10,15,23,26,28,29+12=2004106
07,09,10,21,23,30+12=2004105
07,11,17,18,24,29+05=2004104
02,03,05,09,16,21+02=2004103
03,09,12,15,28,32+01=2004102
02,09,14,19,25,26+15=2004101
06,08,09,14,24,33+15=2004100
05,10,21,22,26,33+02=2004099
03,12,13,25,26,31+03=2004098
10,19,20,26,29,31+14=2004097
01,04,12,16,20,30+15=2004096
19,22,27,28,30,32+01=2004095
05,09,10,13,24,25+08=2004094
11,14,20,27,32,33+05=2004093
01,04,08,13,28,31+02=2004092
09,13,14,21,30,33+01=2004091
01,18,20,24,32,33+12=2004090
14,17,20,25,28,30+14=2004089
02,10,19,22,24,32+14=2004088
01,03,07,08,25,26+14=2004087
10,13,18,19,25,27+01=2004086
03,08,11,29,30,32+01=2004085
01,04,08,11,21,25+14=2004084
14,16,27,28,30,33+06=2004083
03,20,24,27,29,30+15=2004082
03,05,21,24,27,32+06=2004081
03,08,20,23,24,26+16=2004080
07,13,14,17,19,30+03=2004079
04,05,10,21,24,26+05=2004078
08,09,10,14,16,26+07=2004077
03,05,13,17,25,31+07=2004076
07,18,21,26,27,28+07=2004075
05,06,15,19,26,29+13=2004074
02,07,13,16,23,28+16=2004073
08,15,18,28,30,33+14=2004072
03,08,16,17,21,29+06=2004071
10,12,21,22,30,33+06=2004070
02,11,15,20,22,29+05=2004069
02,08,11,13,24,31+15=2004068
01,06,07,13,16,32+04=2004067
05,13,20,23,24,25+03=2004066
13,14,27,29,32,33+08=2004065
14,15,18,20,27,31+04=2004064
07,10,13,16,27,28+07=2004063
01,12,25,27,28,29+13=2004062
13,16,19,20,23,33+09=2004061
03,05,11,24,27,28+15=2004060
04,07,11,19,23,26+10=2004059
01,08,11,12,27,31+12=2004058
05,21,23,25,28,32+04=2004057
01,20,21,25,29,30+02=2004056
06,08,19,25,29,32+07=2004055
09,11,14,16,27,28+11=2004054
02,03,04,09,24,25+02=2004053
01,12,14,15,17,29+09=2004052
02,03,09,10,15,29+11=2004051
06,07,19,21,25,29+02=2004050
11,12,14,16,25,29+09=2004049
08,09,11,16,17,29+09=2004048
01,07,08,11,27,31+06=2004047
07,15,16,22,23,32+14=2004046
01,12,18,26,27,28+13=2004045
02,06,07,12,31,32+05=2004044
04,09,10,21,22,24+10=2004043
06,10,13,17,18,21+02=2004042
08,10,17,22,25,29+14=2004041
07,17,19,20,21,29+11=2004040
10,16,18,25,26,29+03=2004039
11,16,17,25,28,29+07=2004038
03,04,11,17,20,26+05=2004037
02,13,17,18,26,30+01=2004036
02,08,26,27,30,32+16=2004035
02,07,13,20,27,30+14=2004034
01,04,08,09,19,20+01=2004033
02,05,08,11,15,31+13=2004032
03,06,19,20,21,24+11=2004031
01,07,09,17,26,31+05=2004030
09,13,20,22,24,32+05=2004029
01,02,03,05,10,22+12=2004028
01,05,09,10,18,32+11=2004027
04,10,14,18,28,32+15=2004026
07,08,10,24,29,33+04=2004025
01,13,21,23,25,32+06=2004024
01,08,14,17,19,30+03=2004023
03,10,14,19,20,30+06=2004022
05,09,11,17,26,27+10=2004021
01,02,09,22,28,31+04=2004020
05,10,11,23,24,32+04=2004019
02,05,06,08,28,30+06=2004018
05,12,14,15,25,31+09=2004017
04,07,08,28,30,32+05=2004016
01,03,05,18,22,23+13=2004015
03,07,11,17,20,26+12=2004014
12,14,21,29,30,32+13=2004013
01,07,27,30,31,33+08=2004012
01,04,13,23,28,30+03=2004011
06,07,08,13,14,19+15=2004010
01,09,10,16,22,24+11=2004009
01,07,10,22,32,33+13=2004008
04,12,17,20,25,28+09=2004007
04,12,18,20,23,32+06=2004006
09,11,13,16,17,18+07=2004005
10,19,22,23,25,29+09=2004004
03,05,06,17,26,33+08=2004003
10,12,18,22,30,31+11=2004002
01,02,03,07,10,25+07=2004001
18,19,21,26,27,33+16=2003089
03,10,21,22,24,33+12=2003088
02,03,04,05,24,28+13=2003087
05,12,16,18,26,30+13=2003086
01,04,11,12,19,27+14=2003085
02,06,07,10,17,33+03=2003084
01,03,14,18,26,28+01=2003083
07,17,18,19,30,31+14=2003082
01,02,14,26,29,30+07=2003081
09,20,24,25,28,30+10=2003080
12,15,22,23,26,31+04=2003079
07,12,23,26,29,30+11=2003078
04,12,16,22,24,25+06=2003077
01,13,16,18,20,29+02=2003076
16,17,19,22,31,33+11=2003075
02,12,19,22,27,32+01=2003074
02,12,14,21,23,30+13=2003073
03,06,08,11,19,27+11=2003072
09,11,12,14,15,33+11=2003071
01,02,04,17,18,19+08=2003070
07,11,16,19,26,28+11=2003069
09,19,25,27,32,33+11=2003068
05,11,12,13,27,31+10=2003067
03,07,08,20,24,32+14=2003066
06,15,16,17,30,33+11=2003065
04,06,08,12,15,30+01=2003064
05,08,09,14,21,33+11=2003063
01,06,12,19,20,32+14=2003062
03,05,20,21,28,32+02=2003061
02,04,06,17,21,28+11=2003060
02,03,05,06,18,30+04=2003059
09,11,16,28,32,33+02=2003058
18,19,24,25,30,31+16=2003057
08,17,21,26,28,29+07=2003056
06,13,16,21,28,31+16=2003055
02,05,09,21,31,33+12=2003054
15,19,20,21,28,29+13=2003053
01,12,13,23,30,31+11=2003052
04,13,15,17,24,27+01=2003051
02,08,17,23,24,26+13=2003050
03,06,07,13,24,25+15=2003049
10,12,20,28,30,31+09=2003048
03,17,26,28,32,33+16=2003047
07,08,10,11,17,26+11=2003046
03,07,14,15,17,32+03=2003045
02,05,09,16,32,33+15=2003044
02,08,10,19,20,32+13=2003043
03,05,07,10,15,20+07=2003042
02,03,17,18,24,25+11=2003041
04,05,06,12,14,23+16=2003040
03,05,23,24,27,32+03=2003039
05,07,08,24,25,27+16=2003038
09,14,17,18,26,32+07=2003037
07,21,24,25,27,28+15=2003036
03,04,05,08,10,11+08=2003035
08,13,14,16,23,25+14=2003034
01,07,14,20,27,30+10=2003033
04,11,25,27,29,30+13=2003032
11,17,20,22,28,32+01=2003031
02,06,13,14,23,27+07=2003030
02,07,15,26,29,32+10=2003029
06,13,16,20,28,32+07=2003028
01,11,14,17,27,28+15=2003027
08,13,15,26,29,31+16=2003026
01,05,11,13,14,27+12=2003025
02,07,15,17,22,30+14=2003024
01,10,20,22,26,31+02=2003023
02,07,11,12,14,32+08=2003022
14,15,18,25,26,30+01=2003021
07,10,25,26,27,32+04=2003020
04,08,12,13,16,33+09=2003019
05,16,19,20,25,28+13=2003018
05,08,18,23,25,31+06=2003017
11,17,28,30,31,33+06=2003016
04,11,19,25,26,32+13=2003015
03,05,07,08,21,31+02=2003014
08,13,17,21,23,32+12=2003013
02,12,16,17,27,30+12=2003012
04,05,11,12,30,32+15=2003011
01,02,08,13,17,24+13=2003010
05,09,18,20,22,30+09=2003009
05,08,09,14,17,23+08=2003008
01,09,19,21,23,26+07=2003007
01,03,10,21,26,27+06=2003006
04,06,15,17,30,31+16=2003005
04,06,07,10,13,25+03=2003004
01,07,10,23,28,32+16=2003003
04,09,19,20,21,26+12=2003002
10,11,12,13,26,28+11=2003001
